1 -1 -0.90 0
2 4 -0.90 0
3 4 -0.90 3
4 -1 -0.90 3
5 -0.80 -0.90 0.20
6 0.80 -0.90 0.20
7 0.80 -0.90 2.80
8 -0.80 -0.90 2.80
9 -1 1 0
10 4 1 0
11 4 1 3
12 -1 1 3
13 1 -0.95 1
14 2.80 -0.95 1
15 2.80 -0.95 2
16 1 -0.95 2
17 1 -0.90 1
18 2.80 -0.90 1
19 2.80 -0.90 2
20 1 -0.90 2
21 0.85 -0.95 0
22 2 -0.95 0
23 2 -0.95 1.40
24 0.85 -0.95 1.40
25 0.85 -1 0
26 2 -1 0
27 2 -1 1.40
28 0.85 -1 1.40
29 0.85 -0.95 1.60
30 2 -0.95 1.60
31 2 -0.95 3
32 0.85 -0.95 3
33 0.85 -1 1.60
34 2 -1 1.60
35 2 -1 3
36 0.85 -1 3
40 1.20 -1.05 1.40
41 1.5 -1.05 1.40
42 1.5 -1.05 0.70
43 1.7 -1.05 0.70
44 1.7 -1.05 1.40
45 2 -1.05 1.40
46 2 -1.05 1.60
47 1.7 -1.05 1.60
48 1.7 -1.05 2.30
49 1.5 -1.05 2.30
50 1.5 -1.05 1.60
51 1.20 -1.05 1.60
52 1.20 -1 1.40
53 1.5 -1 1.40
54 1.5 -1 0.70
55 1.7 -1 0.70
56 1.7 -1 1.40
57 2 -1 1.40
58 2 -1 1.60
59 1.7 -1 1.60
60 1.7 -1 2.30
61 1.5 -1 2.30
62 1.5 -1 1.60
63 1.20 -1 1.60
299 0.85 -0.95 3
300 0.85 -1 3
301 0.85 -0.95 0
302 0.85 -1 0

Faces:
1 2 3 4.
5 6 7 8.
9 10 11 12.
1 2 10 9.
2 10 11 3.
3 11 12 4.
4 12 9 1.
13 14 15 16.
17 18 19 20.
13 14 18 17.
14 18 19 15.
15 19 20 16.
16 20 17 13.
21 22 23 24.
25 26 27 28.
21 22 26 25.
22 26 27 23.
23 27 28 24.
24 28 25 21.
29 30 31 32.
33 34 35 36.
29 30 34 33.
30 34 35 31.
31 35 36 32.
32 36 33 29.
40 41 42 43 44 45 46 47 48 49 50 51.
52 53 54 55 56 57 58 59 60 61 62 63.
40 41 52 53.
41 42 54 53.
42 43 54 55.
43 55 56 44.
44 45 56 57.
45 57 58 46.
46 58 59 47.
47 59 60 48.
48 60 61 49.
49 61 62 50.
50 62 63 51.
51 63 52 40.